   2.0000000e+00  -5.8144012e-01  -1.0866165e+00  -1.3712970e+00   1.5352985e+00  -3.2647513e-01   1.9764653e+00   3.3125927e-01  -2.5691323e+00  -2.8709961e-01   7.0521421e-02
   2.0000000e+00   1.5023371e+00  -3.9192966e-01  -8.7210000e-02  -9.9082743e-01  -4.8523194e-01  -4.9116579e-01  -2.0834513e-01   1.6522313e-01   1.0071120e+00   1.3853431e+00
   2.0000000e+00   1.3511056e+00   1.1142818e+00  -8.1915180e-01   1.4302892e-02  -8.6609300e-01  -3.2089744e-01  -8.4799834e-01  -3.6301039e-01   2.6066026e-01   5.6350564e-01
   1.0000000e+00   1.7531037e+00   1.0823766e-01   2.4063878e+00   1.4967237e-01  -9.9568298e-02   7.2184681e-02  -2.1768481e+00  -6.7415023e-01   4.3959938e-01   1.6642746e+00
   2.0000000e+00   1.5908790e+00   5.9867166e-01  -1.3197301e+00   5.4405645e-01  -2.8552170e+00  -4.5594391e-01   1.8632294e-01   9.2345382e-02   3.8168993e-01  -5.4840311e-01
   2.0000000e+00   5.8555321e-01  -1.4139834e+00  -1.5997344e+00  -1.6302517e-01  -7.5911235e-01  -5.9442048e-01   1.9695248e+00   1.1980777e-01   1.3055989e+00   1.1138412e-01
   2.0000000e+00   5.5398241e-01   1.9701455e-01  -2.5870450e+00   2.6130508e-01  -4.1419988e-01   1.3938688e+00  -1.0674966e+00   7.0561292e-01   1.2810807e+00   1.2792370e-01
   1.0000000e+00   2.8457367e-01   2.4937942e-01   1.2646921e+00   1.4963602e-01  -1.6624175e+00   7.5025546e-01   5.0638127e-01   5.2280663e-01   5.7290090e-03   1.8355007e+00
   2.0000000e+00   5.2328279e-02  -7.0323765e-01  -1.3146914e+00   2.0307675e+00  -9.7343051e-03  -2.4719392e+00   1.5648417e+00   9.3266345e-01  -8.4650213e-02  -2.3893525e-01
   1.0000000e+00  -7.1056417e-02   4.9186610e-01  -3.5185270e-01   4.4276138e-01  -1.5461256e+00   3.8375144e-01  -6.6682494e-02   1.9144009e-01   7.4714336e-01   1.5759680e+00
   2.0000000e+00  -1.1793864e+00  -2.7563937e-01  -3.3644778e-01   7.9338346e-02  -1.3997569e-01  -1.5077014e-01  -6.9049376e-01   8.3334529e-01   3.5919430e-01  -9.3397601e-01
   2.0000000e+00  -5.3746114e-01  -4.9157301e-01   3.2065364e-01  -3.8461914e-01   6.9774084e-01   3.6465817e-01  -1.0764638e-01  -4.7127397e-01  -2.0419454e+00   2.7637426e-01
   2.0000000e+00   4.4951789e-02  -8.1373798e-01   7.5942598e-01   2.0929745e+00   1.5925216e-02  -1.2570766e+00  -8.2295295e-01   7.9345588e-01   1.3703281e+00   1.1109815e-01
   2.0000000e+00   1.2273617e+00   1.2152636e+00   3.4637894e-01   1.0536041e+00   6.6825891e-01  -5.9459193e-02  -1.5479883e-01   1.4401753e+00   3.6761186e-01  -1.3110433e+00
   2.0000000e+00  -4.7297105e-01  -3.4600667e-01   7.8737619e-02   1.5167423e-01  -3.8030560e-01  -3.7606430e-01  -5.2946314e-02   4.8493712e-01   1.7964172e+00  -1.2493426e+00
   2.0000000e+00  -1.0655309e+00   1.1167401e+00   1.2380011e+00   1.7981380e+00  -8.2104208e-01  -1.3827779e+00  -2.4637259e-01   1.2674893e+00  -6.1365178e-02  -1.3406521e+00
   2.0000000e+00   2.2348933e-01   9.2623047e-02   8.2600702e-01   9.8811687e-01  -4.5342380e-01  -3.8342450e-01  -2.1170484e+00  -5.6671424e-01  -4.8926988e-01  -1.1042485e+00
   2.0000000e+00  -1.5138879e-01   8.8282892e-02  -1.3030913e-01  -1.5689160e+00  -3.4915600e-01   1.5011401e+00  -7.8249537e-01   4.8049561e-01  -1.1181035e+00   1.4775390e-01
   2.0000000e+00   1.6890660e-02   9.3058933e-01   2.1049803e+00   9.2602321e-02  -6.2844874e-01  -4.1327581e-01   1.0454717e+00  -1.3386712e+00   1.4996555e+00   1.1461686e-01
   1.0000000e+00   1.2447453e+00  -1.7146339e+00  -9.9454730e-01  -3.6359958e-01   1.5770592e+00   2.0088473e-02  -1.2644899e+00  -1.7102651e-01   1.4041288e-01   3.1482382e-01
   2.0000000e+00   1.5917762e+00  -8.5016206e-01   1.2634205e+00   5.6064817e-01   5.7603610e-01   2.8261902e-02   2.7851838e-01  -9.2315222e-01  -1.9018034e+00  -8.4184239e-01
   2.0000000e+00  -6.1624637e-01  -4.1268217e-01  -1.4461654e+00   2.6494593e+00  -7.8064196e-01   1.6508349e-01   6.4201540e-01  -1.8606523e+00  -1.2016875e+00   5.6080466e-01
   2.0000000e+00  -8.4162584e-01  -7.6316777e-01   1.5070453e+00  -2.7741201e-01  -8.5996869e-01  -1.9835183e-01  -7.2217823e-01   4.3653518e-01   6.2759959e-01  -8.3333291e-01
   2.0000000e+00   9.5096391e-01   1.0157502e+00   5.3602849e-01  -9.2815222e-01  -2.1047298e-01  -1.2804725e+00  -7.4999153e-02   2.8535505e-01  -6.6782685e-01  -4.2188448e-01
   2.0000000e+00   1.5245704e+00   1.5217343e+00  -5.4045608e-01   1.5897841e+00   4.9823419e-01   4.8483980e-01   1.9219821e+00  -7.4908337e-01   1.3366502e+00  -7.1420485e-01
   2.0000000e+00   1.1052530e-01  -1.1248863e+00   4.5979390e-01  -9.1586744e-01  -3.2768613e-01   4.4069773e-01   9.8485737e-01   7.6216996e-01  -1.2032789e+00   5.9050415e-01
   2.0000000e+00   7.8984387e-01  -2.7697703e-01   5.0280160e-01  -3.4145130e-02   4.2900627e-01   4.8561187e-01   1.9541780e-01   2.5496742e+00  -1.1914882e+00  -8.8746708e-01
   2.0000000e+00  -3.2911432e-01   8.5455639e-02  -1.6338407e+00   7.7619443e-01  -3.5923146e-01  -5.0887588e-01   6.3569988e-01  -5.5873135e-01   2.5451990e+00  -1.1547122e+00
   2.0000000e+00  -8.3257234e-01  -8.4101734e-01   6.5606196e-01  -1.0983435e+00   3.3386813e-01   8.0826106e-01   6.7012832e-01  -2.0287703e-01  -2.5842536e+00   3.6002385e-01
   1.0000000e+00   6.0100661e-01   1.9692332e+00  -3.9928915e-01   1.2884607e+00  -1.0572637e+00   5.0995430e-01  -3.3701777e-01   1.3875879e-01   1.8010764e-01   3.3736373e-01
   1.0000000e+00  -3.6869242e-01  -1.5449598e+00   6.2303068e-01   5.8913645e-01  -3.4120112e-01   4.8282726e-01  -1.0857788e+00   9.5692099e-01   5.6854289e-01   6.3048882e-01
   2.0000000e+00   9.1224907e-01  -1.8285145e+00  -1.6061049e+00   2.2220596e-01   6.0432031e-01   8.1864390e-01  -2.8795350e-01  -5.0169738e-01   5.2018828e-01  -4.4375145e-01
   2.0000000e+00  -5.5389847e-01  -1.3282507e+00  -2.7123300e-01   1.5227280e-01   1.5675511e+00   3.4160404e-01  -3.0909896e-01  -7.5088947e-01  -1.3193924e+00   4.6996442e-01
   2.0000000e+00  -1.6036175e-01   5.5345230e-01  -2.1055145e+00  -9.1863299e-01  -3.3760833e-01  -1.4883527e+00  -1.4063165e+00  -2.2911441e+00   2.2033575e+00  -2.6665347e-02
   2.0000000e+00  -1.3933790e+00   2.8672332e-01   6.3688793e-01  -1.5009274e+00  -1.7807496e-01   4.0864419e-01  -5.7414542e-01  -2.8072648e-01  -1.9737570e+00   8.6227297e-01
   2.0000000e+00   1.0695359e+00   1.5337510e+00  -8.2600199e-01   9.4584832e-01   1.0075426e+00   2.4068547e+00   4.8765615e-01   5.8474392e-01   1.4154776e+00   2.4832242e+00
   2.0000000e+00  -5.9441802e-01  -6.3557108e-02  -1.3455640e+00  -8.9775474e-01   3.6936790e-01   3.3020110e-01   2.4568944e-01  -1.2602791e+00  -8.9358292e-01  -3.9048340e-01
   1.0000000e+00  -7.3363131e-01   8.4844396e-01  -2.7685995e-01   7.7813198e-01   1.2130887e-01   6.5994218e-01  -2.3846932e-01  -2.3041851e+00   2.6745101e-01   8.3155205e-01
   2.0000000e+00   1.8781939e+00   3.8730310e-02  -3.6586114e-01   1.0222515e+00  -1.6692020e+00  -5.8949555e-01  -2.3966375e+00  -2.4841708e+00  -2.0114037e+00   8.4958270e-01
   2.0000000e+00  -1.9590439e-01   6.4400478e-01   8.9372804e-01  -6.3384927e-01  -7.3085904e-01  -6.1448093e-01   5.4934039e-01   4.0320180e-01  -8.2201745e-01  -1.0344562e-01
   2.0000000e+00   8.1619219e-01  -2.1855079e+00  -3.4459780e-02   3.1785205e-01   1.1805615e+00  -3.6863896e-03   1.7462878e+00   6.0268212e-01   1.5841175e+00   2.7943927e-01
   2.0000000e+00  -4.6199612e-01  -7.8162302e-01  -7.5407113e-01   1.0065274e+00  -1.4759630e-01  -7.5403664e-01  -8.0326552e-01  -6.1235278e-01   2.9537790e-01   5.1483413e-01
   2.0000000e+00  -8.0106044e-01  -6.1970579e-02   6.5757061e-02   2.5598800e-01   1.6712672e+00  -1.5039358e-01  -7.5703361e-01   3.4259248e-01  -3.9201553e-01  -1.3943066e-01
   2.0000000e+00  -1.1097767e+00  -9.4179712e-02   1.1261991e+00  -9.3458877e-01   4.3561585e-01   2.0034135e-01   5.6512322e-01  -3.4221372e-01  -1.9689396e+00  -1.2946620e+00
   2.0000000e+00   1.7277483e+00  -8.5882266e-01   2.1567655e+00   2.2362522e-02   1.5717953e+00   2.1909102e+00  -2.1436289e+00   7.3116767e-01   1.8233307e+00  -1.2394711e+00
   2.0000000e+00  -1.2356459e+00  -1.6500238e+00  -1.7435426e+00  -1.8953348e+00   4.1105604e+00   1.2535458e+00   8.6253517e-01   2.0829737e-02  -4.3578287e-01  -1.1007997e+00
   2.0000000e+00  -7.1227116e-01   1.0096812e+00  -5.5573381e-02  -3.6776016e-01  -7.6418711e-01  -2.6261370e-01   1.9990506e+00  -2.7061003e-01   1.4488914e+00   4.0423222e-01
   2.0000000e+00  -1.4543492e+00  -5.4130112e-01   4.5327900e-01   5.7023279e-01   2.6857331e-01   1.8847624e+00  -1.7032308e+00   6.5518309e-01   4.5463970e-02   2.4688459e-01
   2.0000000e+00   2.3209889e+00   5.4267581e-01  -1.0594231e+00  -1.9461222e+00   1.2127687e+00   7.4907418e-01  -1.1693333e+00   7.6115190e-01  -4.1951657e-01   1.3066556e+00
   2.0000000e+00  -1.8043714e+00  -2.0489099e+00  -1.9528336e-02  -2.2314071e-01  -1.3867270e+00   1.8505626e-03  -2.2228476e-01   2.0301966e+00   9.3236929e-01  -1.4476524e-01
   2.0000000e+00  -4.8939549e-01  -1.8223522e+00  -9.0549407e-01  -7.0804343e-01   2.0896894e+00   6.0314464e-01  -2.1275726e+00   6.1471448e-01   1.3970806e+00   1.3633911e+00
   2.0000000e+00  -1.4486884e-02  -2.1812734e-01   2.3346854e-01   9.7653071e-01  -1.0493546e+00  -1.7318644e+00  -3.2174846e-01   1.2393982e+00  -5.2912543e-01  -8.7593566e-01
   2.0000000e+00  -4.6458837e-01  -9.7120725e-01   1.1046527e+00  -1.2126289e+00  -4.5643244e-01   9.1701756e-01   8.1905758e-02   1.0761634e+00  -2.1901117e+00  -2.2620577e+00
   2.0000000e+00  -2.3118323e-02  -1.3534921e+00   1.1671798e+00  -1.3921762e-01  -1.2401830e-01  -3.0217193e-01   7.0030657e-01   1.4252904e+00  -1.8235224e-01  -9.1964999e-01
   2.0000000e+00   3.8038218e-01   1.3601322e+00  -1.7575897e-01  -1.9878057e-01   6.9343053e-01   1.0215408e+00   6.2181256e-01   5.5355894e-01  -5.8519981e-01  -4.7400277e-01
   2.0000000e+00  -5.2717581e-01  -4.3436141e-01   3.4184745e-01   3.4097526e-02  -1.2527318e+00   2.2819919e+00   1.2897639e-01   1.3630152e+00   6.6970046e-01  -1.8892821e+00
   2.0000000e+00  -9.2555576e-01   1.6162464e+00  -1.8818202e-01  -1.7932616e-01  -3.6751925e-01   7.1568088e-01   8.8364118e-01  -2.8443689e-01   1.2367504e+00  -3.1187834e-01
   2.0000000e+00   8.1031691e-01  -1.2590435e+00   7.8829529e-02   1.2329848e+00  -1.5023446e-01  -2.8128574e+00  -4.7628865e-01   1.3759813e-01   1.9993468e+00   6.4563301e-01
   1.0000000e+00   1.9269414e+00  -1.0558064e+00   1.5023966e-01   7.7835339e-01   6.1567226e-01   1.4812548e-01   1.4837242e-01  -2.2155400e-01   7.2152612e-01  -2.9313855e-01
   2.0000000e+00   1.4271453e-03  -2.5852280e-01   1.2750616e+00  -1.6960574e+00  -5.9609470e-01   2.4492900e+00   8.1844668e-01   2.2511946e-01   1.0196917e+00   1.4224233e-01
   2.0000000e+00   1.0601919e-01  -1.2746572e+00  -1.2235719e+00   7.6965039e-01   1.3332932e+00  -4.5558272e-01   7.0753074e-01   2.0664019e+00   3.5335974e-02   7.2243013e-01
   2.0000000e+00   3.9899290e-01  -1.7064680e+00   3.6546015e-01  -8.7670082e-01  -6.4774829e-01  -1.0487722e+00  -1.0243840e+00  -1.4565720e+00  -6.0449046e-01   4.3261514e-01
   2.0000000e+00  -3.9579701e-01  -5.2626086e-01   4.3707091e-01   1.1966946e+00   4.0448335e-01  -1.1696062e+00  -1.0204847e+00   1.7920040e+00  -1.2615705e+00   6.4101504e-01
   2.0000000e+00   6.6456606e-01   8.6788814e-01   5.1766281e-02   1.6192134e+00  -5.6618630e-01  -1.5243574e-01  -1.1310373e+00  -1.2207335e+00   3.0991281e-01  -2.9922222e-01
   2.0000000e+00   7.7002628e-01   2.3236300e-01  -6.7333333e-01   2.0689460e+00  -1.4720495e+00  -1.1132514e+00   2.2206662e+00  -4.9870147e-01   4.2386010e-01  -1.9090690e+00
   2.0000000e+00   9.0639088e-01   7.1669536e-01  -1.0039137e+00  -2.1953904e-01   1.9609771e+00  -2.3331190e-01   3.9710227e-01  -7.9953056e-01  -3.0771114e-01  -9.5329126e-01
   2.0000000e+00   1.4436196e+00  -1.0816677e+00   4.1850716e-02  -1.2337519e+00  -5.9296224e-01  -3.5155511e-01   5.6064994e-01  -3.5711007e-01   1.5754066e-01   6.8166597e-02
   2.0000000e+00   1.5097298e+00  -1.0733349e+00  -4.3918632e-01  -1.1093993e-01  -1.4765709e+00  -2.9627253e-01   1.1772128e+00   2.4382850e-01   7.7551918e-01   1.7704235e+00
   2.0000000e+00   1.2653660e+00  -2.4864593e+00  -9.6029447e-02   4.0908575e-01  -5.6689236e-01   7.5988715e-01   4.3656551e-01  -1.3348011e-01  -7.6678851e-01   1.4316521e+00
   2.0000000e+00  -8.0775024e-01   7.2602268e-01   8.6904054e-01  -1.4523239e+00  -2.8145381e+00   1.9863592e+00  -1.3990706e+00   1.5595603e+00  -1.3315786e+00  -1.2040812e+00
   2.0000000e+00  -8.3952003e-01   6.8811387e-02  -4.7545340e-01   4.0187683e-01   5.8421485e-02  -8.3266379e-01   6.9957486e-01   4.3232483e-01   1.1141251e+00   7.3813060e-02
   2.0000000e+00  -9.9784617e-01  -2.4838674e-01   3.6848918e-01  -8.4917483e-01  -7.6571665e-01  -9.9651189e-01   9.0795432e-01  -1.8677374e-01   2.1854096e+00   9.8149247e-01
   2.0000000e+00   9.2081964e-01  -8.2101279e-01  -2.0461674e-01  -2.6865959e-01   1.7703228e+00   1.6729182e+00   1.7522805e-01  -6.0561231e-01   4.7126926e-01  -1.3700221e+00
   2.0000000e+00   1.7247491e-01   1.0785781e+00  -4.0515951e-01   7.2320035e-01  -8.8908523e-01   9.8012647e-01   8.4567727e-01   4.4691597e-01  -1.5048448e+00   4.7415569e-01
   2.0000000e+00  -4.5617471e-01   9.6144982e-01   2.9270862e-01   2.0178405e+00  -7.6375788e-01  -9.3534106e-01   1.0026447e+00  -6.2376766e-01   6.5967993e-01  -2.7231926e-01
   2.0000000e+00  -8.2680414e-01   1.7927767e-01   1.0669585e-01  -1.6602571e-01  -1.1242142e+00  -7.2937807e-01   1.2301432e+00   4.6458168e-01   3.4703336e-01  -5.0981498e-01
   2.0000000e+00   4.4186760e-01  -2.0613486e-01  -3.3694973e-01  -9.1897502e-01   6.1636993e-01  -2.5731236e+00   7.6362173e-01   7.7848346e-01  -2.8625669e-01  -1.2248391e+00
   2.0000000e+00  -7.6566868e-01  -1.6972777e+00   2.7083614e-01   4.7124896e-01  -3.6746758e-01  -1.2051572e+00   1.6208108e+00  -1.3679212e+00   1.8637089e+00  -7.0381990e-01
   2.0000000e+00   6.6581357e-01   1.8207451e+00   6.7513692e-01  -1.8132905e+00   6.7953319e-03  -1.3379143e+00   5.4982889e-01  -6.8928632e-01   1.2892247e+00  -4.0262459e-01
   2.0000000e+00   1.2878742e-01   6.8404477e-01  -6.3288145e-02  -2.1102754e-01   1.6834364e-02   1.0996837e+00   1.4802231e+00   1.5996203e+00  -6.4609862e-02  -1.4331249e+00
   1.0000000e+00  -7.3879169e-01  -7.0170818e-01   1.8729404e+00  -5.0937028e-01  -7.4962964e-01   4.5644297e-01  -1.7238774e+00  -5.3469511e-01   6.2544011e-01   3.2695562e-01
   2.0000000e+00  -8.3906736e-02   9.9998041e-01  -4.4099439e-01   1.9853467e+00   3.5943692e-01  -1.9750863e+00   8.0114992e-01  -7.6982476e-01  -9.0962548e-01  -1.4901301e+00
   2.0000000e+00   4.1660412e-01  -1.3199913e+00  -2.7408218e+00   5.9406346e-01   9.3771570e-02  -5.4249688e-01  -3.9073698e-01   5.3888448e-01  -5.5178354e-01  -1.5027601e+00
   2.0000000e+00  -1.1682388e-01   5.6507284e-01   1.9723372e-01   3.8154107e-01   1.2313024e+00  -3.5241863e-01   1.0619860e-01   1.2884916e+00   4.0011449e-01  -1.0119219e-03
   1.0000000e+00  -2.0281888e-01   1.8493606e-01   1.4160713e+00  -1.3573354e+00   4.6848987e-01   1.3207075e-03   4.7113825e-01   1.1402305e+00   6.6381455e-01  -1.6920230e+00
   2.0000000e+00   1.9292796e-01   1.2228611e+00  -4.5158644e-01   7.7323621e-01  -1.3546188e+00  -1.1736241e+00   1.4664408e+00   2.4487339e-01   1.2252905e-01   8.4774048e-02
   1.0000000e+00  -2.4142128e-01   2.3275263e-01  -5.2204098e-01  -1.0711971e+00   9.7230203e-01   1.8614011e-01  -3.5686714e-02   4.1774639e-01   7.0654951e-01   1.0669168e+00
   2.0000000e+00  -1.1828358e+00  -4.4525488e-01   2.9765869e-01  -8.0649590e-01  -1.0561626e+00  -8.2791025e-01   4.6735116e-01   8.1303155e-01  -8.9971303e-01  -6.6675155e-01
   2.0000000e+00   1.3917190e+00   7.0168547e-01  -2.0879695e+00   7.4798119e-01  -9.9323870e-01  -1.4294406e+00  -6.6604767e-01   2.6495762e-01   2.2326899e+00  -1.9197167e+00
   2.0000000e+00   2.1765937e+00  -2.1418067e-01   2.0099064e+00   3.2136775e-01   9.5220200e-01  -1.2534563e+00  -1.6578005e+00  -7.8417257e-01   7.6875022e-01   6.2699176e-01
   2.0000000e+00  -2.1671104e-01   1.2858112e+00   3.8518349e-01  -4.1576233e-01  -1.8506884e+00  -2.5983199e-01   4.9355371e-01  -1.0874098e+00   3.9875784e-01   4.8923333e-01
   2.0000000e+00   1.5235492e+00   2.7070015e+00  -1.3291943e-01   6.1145530e-02   2.4306301e+00  -1.0999321e+00  -1.0030541e+00   7.1966506e-01   1.2197339e+00  -3.4618855e-02
   2.0000000e+00  -1.3036782e+00   6.3268477e-01   2.1218237e-02  -5.6443376e-01   7.1793102e-01  -3.5178954e-01   1.6037414e-01   1.2425070e+00  -3.9367729e-01  -1.0930920e-01
   2.0000000e+00  -1.4011096e-01   2.5807895e-01  -3.0488727e-01   2.1309299e-01   9.5430905e-01   3.7532104e-01   1.7156502e-01   1.7590127e+00  -2.1081715e+00  -4.1811816e-01
   2.0000000e+00  -1.1386420e+00  -4.1944963e-01  -1.4532043e+00   3.1735845e-02   1.1320748e-01   1.0227564e+00   3.0293718e-02   6.8066777e-01  -2.0505386e-01  -3.6584546e-01
   2.0000000e+00   9.8019324e-01  -1.1824181e+00   5.0046102e-01   9.7096487e-02   1.2010854e+00  -6.1540548e-02  -6.1033459e-01  -4.5581855e-01  -2.3652503e-01   6.6412857e-01
   2.0000000e+00  -4.9544202e-01  -1.6264341e-01  -9.2278063e-01   8.4921075e-01   6.9020859e-01   8.8866994e-02  -5.2544337e-01   1.4841936e+00   1.9560748e+00   7.1071694e-01
   2.0000000e+00  -2.2981833e-01   5.7020979e-01   5.6510447e-01   2.1151030e+00   2.1299025e+00  -8.4142571e-01  -9.2212799e-02   1.8011624e-01  -6.3320009e-01   1.5631830e+00
   1.0000000e+00  -5.4639699e-01   5.8509991e-01   5.4033090e-01  -9.8083446e-01   7.3883927e-01   8.3505026e-02   2.0284398e+00  -1.8328842e+00  -1.1215398e-01  -1.4640328e-01
   2.0000000e+00  -1.9245434e+00  -4.8154404e-01  -7.4889106e-01  -1.3257788e+00   3.5843968e-01  -8.8414219e-01   1.4233821e+00   1.0125856e+00   2.0098293e-01   9.7627830e-01
